(873277210569562400201263018916233746950515079921817436798408, 297539067114508586833131963968742939093485470198185830752207)
(908843622695646478077585381722805365109906034018717453205077, 1394892795579800071087471512530653999323329009227657322362307)
(801232735424855031712044261665966468915673518260298325717660, 1486637522365464312942968721465250218777380862428865480533541)
(896990463947639526434289875375902810356416488001701616094515, 793376402228964935279747218443229233219444484205451522492827)
(223072606433661316025459169709127428424340272525820544077739, 426805421346969032877715919743739580031434814527271182519150)
(782285524574081278154304385535829964756497412278020938554742, 847731762630464409448488619560724321360723533577309073751680)
(1474372427132365158090845744078252114926260030204537151861793, 924835887249312861541362181621916407872303152902014916498952)
(1455827549580609961708377960668381897993671202751001887893237, 1309235998205387871847276936617204557826372291044284511518319)
(1272728459317537324178297914503882340899287117675329392258742, 470040285553621011690383378184316747677219230523519081902146)
(248861358366033926534154456040481232515539098734974033210996, 822141442724037663508810456265669256730113558004578176622978)
(11522891903496686642127239693682122197714245997248582009020, 801417589289281371702528643532686028911162239033205069986400)
(642361235371509916694526270810261072341393948797872222818551, 161215465230042697024463323427779403237333534899163032930014)
(744232419575061438301668394374461356794168575460240523608675, 985510613694718209828366563783231627839519262278546544729731)
(1007395817534008494217906991998038604696477800853791641774578, 425124636796961259017840393060699896720444226967696526824564)
(774739241294613530600663413517169638125862875645286098425276, 1309108089310289410908766489150600057076530452450749861342844)
(1269067065494476258930885455184957299435267300978005000231269, 340189959021606257010061618781870167501271966011607473700030)
(49120077679970083233430609045769783188505087826844185472944, 1569066450078162740022300153539760588376840056230882275140633)
(58778694523717881112575238628885788013169287114863750582051, 1054295121601618136038072805604805537041767228838831848189412)
(675250013217845676773076807895302858431433234965600372510360, 1516933616666854626364224821395915707877787574153854772610284)
(1184734870666809312285651196017665579973821630555044504515944, 3645634809231644639485952784376812938025890400983314123731)
(223072606433661316025459169709127428424340272525820544077739, 426805421346969032877715919743739580031434814527271182519150)
(782285524574081278154304385535829964756497412278020938554742, 847731762630464409448488619560724321360723533577309073751680)
(1474372427132365158090845744078252114926260030204537151861793, 924835887249312861541362181621916407872303152902014916498952)
(1455827549580609961708377960668381897993671202751001887893237, 1309235998205387871847276936617204557826372291044284511518319)
(1272728459317537324178297914503882340899287117675329392258742, 470040285553621011690383378184316747677219230523519081902146)
(248861358366033926534154456040481232515539098734974033210996, 822141442724037663508810456265669256730113558004578176622978)
(11522891903496686642127239693682122197714245997248582009020, 801417589289281371702528643532686028911162239033205069986400)
(642361235371509916694526270810261072341393948797872222818551, 161215465230042697024463323427779403237333534899163032930014)
(744232419575061438301668394374461356794168575460240523608675, 985510613694718209828366563783231627839519262278546544729731)
(1007395817534008494217906991998038604696477800853791641774578, 425124636796961259017840393060699896720444226967696526824564)
(774739241294613530600663413517169638125862875645286098425276, 1309108089310289410908766489150600057076530452450749861342844)
(1269067065494476258930885455184957299435267300978005000231269, 340189959021606257010061618781870167501271966011607473700030)
