CORES: 1 LEN1: 500 LEN2: 500
0.00132
0.00132
0.00132
0.00132
0.00132
CORES: 1 LEN1: 500 LEN2: 1000
0.00171
0.00174
0.00174
0.00174
0.00174
CORES: 1 LEN1: 1000 LEN2: 1000
0.00781
0.00778
0.00778
0.00777
0.00779
CORES: 1 LEN1: 500 LEN2: 2500
0.00617
0.00606
0.00613
0.00584
0.00587
CORES: 1 LEN1: 1000 LEN2: 2500
0.02358
0.02379
0.02341
0.02346
0.02367
CORES: 1 LEN1: 2500 LEN2: 2500
0.06992
0.06969
0.07019
0.06966
0.06994
CORES: 1 LEN1: 500 LEN2: 5000
0.01173
0.01185
0.01161
0.01178
0.01176
CORES: 1 LEN1: 1000 LEN2: 5000
0.05899
0.05946
0.05919
0.05898
0.05907
CORES: 1 LEN1: 2500 LEN2: 5000
0.16700
0.16630
0.16680
0.16732
0.16616
CORES: 1 LEN1: 5000 LEN2: 5000
0.36525
0.36548
0.36635
0.36583
0.36681
CORES: 1 LEN1: 500 LEN2: 10000
0.02353
0.02341
0.02344
0.02339
0.02345
CORES: 1 LEN1: 1000 LEN2: 10000
0.14149
0.14114
0.14189
0.14093
0.14040
CORES: 1 LEN1: 2500 LEN2: 10000
0.40326
0.40403
0.40888
0.40475
0.40763
CORES: 1 LEN1: 5000 LEN2: 10000
0.84904
0.84393
0.84706
0.84792
0.84753
CORES: 1 LEN1: 10000 LEN2: 10000
1.63017
1.63212
1.61913
1.62036
1.61943
CORES: 1 LEN1: 500 LEN2: 25000
0.07534
0.07577
0.07617
0.07676
0.07535
CORES: 1 LEN1: 1000 LEN2: 25000
0.37568
0.39405
0.38494
0.37805
0.39498
CORES: 1 LEN1: 2500 LEN2: 25000
1.26861
1.29191
1.32562
1.27987
1.28520
CORES: 1 LEN1: 5000 LEN2: 25000
2.73658
2.48613
2.57415
2.54377
2.47609
CORES: 1 LEN1: 10000 LEN2: 25000
4.94451
4.96671
4.93794
4.96165
4.97810
CORES: 1 LEN1: 25000 LEN2: 25000
12.80798
12.98955
12.80567
12.80912
12.77600
CORES: 1 LEN1: 500 LEN2: 50000
0.29413
0.32366
0.38870
0.30788
0.35279
CORES: 1 LEN1: 1000 LEN2: 50000
0.83366
0.80221
0.82696
0.77372
0.81193
CORES: 1 LEN1: 2500 LEN2: 50000
3.01210
2.91274
2.97641
2.96706
2.94035
CORES: 1 LEN1: 5000 LEN2: 50000
5.93284
5.90576
5.84612
5.83018
6.01694
CORES: 1 LEN1: 10000 LEN2: 50000
11.75287
11.74562
11.76588
11.69995
11.86330
CORES: 1 LEN1: 25000 LEN2: 50000
29.19631
29.30698
29.14722
29.29988
29.26868
CORES: 1 LEN1: 50000 LEN2: 50000
59.42074
59.40783
59.33478
59.40486
59.48720
CORES: 1 LEN1: 500 LEN2: 100000
0.73041
0.77662
0.71611
0.75691
0.79535
CORES: 1 LEN1: 1000 LEN2: 100000
1.70661
1.72020
1.65653
1.84550
1.71858
CORES: 1 LEN1: 2500 LEN2: 100000
6.16527
6.09641
6.18284
6.03554
6.08720
CORES: 1 LEN1: 5000 LEN2: 100000
12.50474
12.61167
12.42765
12.47421
12.38851
CORES: 1 LEN1: 10000 LEN2: 100000
24.33233
24.20045
24.27556
24.10984
24.32789
CORES: 1 LEN1: 25000 LEN2: 100000
59.06282
59.03986
59.09090
59.08411
59.26992
CORES: 1 LEN1: 50000 LEN2: 100000
118.76868
118.75622
118.80870
119.02945
118.77466
CORES: 1 LEN1: 100000 LEN2: 100000
250.35035
250.91911
253.49811
255.95795
258.60490
CORES: 2 LEN1: 500 LEN2: 500
0.00089
0.00084
0.00084
0.00084
0.00085
CORES: 2 LEN1: 500 LEN2: 1000
0.00091
0.00090
0.00092
0.00091
0.00091
CORES: 2 LEN1: 1000 LEN2: 1000
0.00294
0.00294
0.00296
0.00296
0.00293
CORES: 2 LEN1: 500 LEN2: 2500
0.00375
0.00349
0.00347
0.00345
0.00341
CORES: 2 LEN1: 1000 LEN2: 2500
0.00795
0.00786
0.00775
0.00779
0.00775
CORES: 2 LEN1: 2500 LEN2: 2500
0.03524
0.03526
0.03516
0.03520
0.03519
CORES: 2 LEN1: 500 LEN2: 5000
0.00797
0.00803
0.00801
0.00797
0.00796
CORES: 2 LEN1: 1000 LEN2: 5000
0.01691
0.01691
0.01703
0.01729
0.01673
CORES: 2 LEN1: 2500 LEN2: 5000
0.07940
0.07871
0.07925
0.07951
0.07783
CORES: 2 LEN1: 5000 LEN2: 5000
0.17510
0.17703
0.17455
0.17537
0.17436
CORES: 2 LEN1: 500 LEN2: 10000
0.01659
0.01648
0.01733
0.01701
0.01638
CORES: 2 LEN1: 1000 LEN2: 10000
0.03480
0.03593
0.03513
0.03490
0.03599
CORES: 2 LEN1: 2500 LEN2: 10000
0.18808
0.18624
0.19199
0.19013
0.18976
CORES: 2 LEN1: 5000 LEN2: 10000
0.41100
0.46720
0.50982
0.41401
0.41363
CORES: 2 LEN1: 10000 LEN2: 10000
0.84604
0.84984
0.85696
0.84541
0.84556
CORES: 2 LEN1: 500 LEN2: 25000
0.04224
0.04259
0.04242
0.04250
0.04212
CORES: 2 LEN1: 1000 LEN2: 25000
0.10819
0.10563
0.10819
0.10584
0.10566
CORES: 2 LEN1: 2500 LEN2: 25000
0.57351
0.55593
0.56290
0.56309
0.54116
CORES: 2 LEN1: 5000 LEN2: 25000
1.35976
1.29733
1.30317
1.34930
1.32626
CORES: 2 LEN1: 10000 LEN2: 25000
2.59768
2.63741
2.60735
2.58522
2.62573
CORES: 2 LEN1: 25000 LEN2: 25000
6.69646
6.71123
6.89909
6.69940
6.72523
CORES: 2 LEN1: 500 LEN2: 50000
0.13540
0.13110
0.14356
0.16219
0.15407
CORES: 2 LEN1: 1000 LEN2: 50000
0.38479
0.38894
0.40437
0.40707
0.40725
CORES: 2 LEN1: 2500 LEN2: 50000
1.22425
1.21285
1.18191
1.21967
1.17543
CORES: 2 LEN1: 5000 LEN2: 50000
3.14358
3.07037
3.01550
3.06302
3.08113
CORES: 2 LEN1: 10000 LEN2: 50000
6.27510
6.10393
6.10032
6.06573
6.16814
CORES: 2 LEN1: 25000 LEN2: 50000
15.20376
15.38935
15.28795
15.25576
15.39890
CORES: 2 LEN1: 50000 LEN2: 50000
30.67330
31.30728
30.72177
30.98901
31.03388
CORES: 2 LEN1: 500 LEN2: 100000
0.37429
0.40659
0.39089
0.38980
0.35763
CORES: 2 LEN1: 1000 LEN2: 100000
0.89846
0.84123
0.82875
0.83215
0.87696
CORES: 2 LEN1: 2500 LEN2: 100000
2.47250
2.52312
2.57642
2.53910
2.48842
CORES: 2 LEN1: 5000 LEN2: 100000
6.38304
6.42121
6.67977
6.49304
6.45948
CORES: 2 LEN1: 10000 LEN2: 100000
12.86840
12.93242
13.01905
12.97081
12.81453
CORES: 2 LEN1: 25000 LEN2: 100000
30.98751
30.96266
31.07596
31.07471
30.82888
CORES: 2 LEN1: 50000 LEN2: 100000
62.05738
62.39628
62.06793
62.24840
62.03171
CORES: 2 LEN1: 100000 LEN2: 100000
130.85257
141.74935
131.14300
142.04442
130.47722
CORES: 4 LEN1: 500 LEN2: 500
0.00074
0.00075
0.00071
0.00074
0.00075
CORES: 4 LEN1: 500 LEN2: 1000
0.00096
0.00090
0.00095
0.00090
0.00094
CORES: 4 LEN1: 1000 LEN2: 1000
0.00204
0.00201
0.00200
0.00208
0.00202
CORES: 4 LEN1: 500 LEN2: 2500
0.00343
0.00321
0.00323
0.00319
0.00324
CORES: 4 LEN1: 1000 LEN2: 2500
0.00518
0.00507
0.00528
0.00525
0.00603
CORES: 4 LEN1: 2500 LEN2: 2500
0.01703
0.01692
0.01803
0.01723
0.01670
CORES: 4 LEN1: 500 LEN2: 5000
0.00736
0.00758
0.00721
0.00751
0.00701
CORES: 4 LEN1: 1000 LEN2: 5000
0.01141
0.01133
0.01168
0.01181
0.01161
CORES: 4 LEN1: 2500 LEN2: 5000
0.03546
0.03607
0.03571
0.03578
0.03575
CORES: 4 LEN1: 5000 LEN2: 5000
0.08646
0.08559
0.08615
0.08612
0.08567
CORES: 4 LEN1: 500 LEN2: 10000
0.01570
0.01572
0.01631
0.01581
0.01558
CORES: 4 LEN1: 1000 LEN2: 10000
0.02611
0.02756
0.02711
0.02762
0.02674
CORES: 4 LEN1: 2500 LEN2: 10000
0.08732
0.08872
0.08911
0.08923
0.08871
CORES: 4 LEN1: 5000 LEN2: 10000
0.19354
0.19384
0.19460
0.19556
0.19395
CORES: 4 LEN1: 10000 LEN2: 10000
0.42570
0.42728
0.42637
0.42539
0.42820
CORES: 4 LEN1: 500 LEN2: 25000
0.03890
0.03860
0.03809
0.03914
0.03783
CORES: 4 LEN1: 1000 LEN2: 25000
0.06939
0.06812
0.06865
0.06814
0.06539
CORES: 4 LEN1: 2500 LEN2: 25000
0.21048
0.21186
0.21012
0.21248
0.21178
CORES: 4 LEN1: 5000 LEN2: 25000
0.57683
0.58070
0.57525
0.57233
0.56946
CORES: 4 LEN1: 10000 LEN2: 25000
1.39219
1.39476
1.38084
1.55339
1.39261
CORES: 4 LEN1: 25000 LEN2: 25000
3.61899
3.58253
3.59161
3.62975
3.65849
CORES: 4 LEN1: 500 LEN2: 50000
0.08590
0.11080
0.09326
0.09153
0.09034
CORES: 4 LEN1: 1000 LEN2: 50000
0.21015
0.18834
0.19624
0.19965
0.18843
CORES: 4 LEN1: 2500 LEN2: 50000
0.52275
0.52470
0.53102
0.56351
0.53271
CORES: 4 LEN1: 5000 LEN2: 50000
1.27336
1.23346
1.23865
1.26259
1.27442
CORES: 4 LEN1: 10000 LEN2: 50000
3.21945
3.20896
3.36599
3.14574
3.19181
CORES: 4 LEN1: 25000 LEN2: 50000
8.12481
8.12473
8.12496
8.10658
8.12408
CORES: 4 LEN1: 50000 LEN2: 50000
16.65787
16.43876
16.43494
16.66234
16.43777
CORES: 4 LEN1: 500 LEN2: 100000
0.22121
0.23431
0.25170
0.24241
0.23353
CORES: 4 LEN1: 1000 LEN2: 100000
0.49126
0.44778
0.49033
0.52026
0.48717
CORES: 4 LEN1: 2500 LEN2: 100000
1.16295
1.14766
1.20863
1.20577
1.10930
CORES: 4 LEN1: 5000 LEN2: 100000
2.69358
2.78434
2.87176
2.87672
2.69649
CORES: 4 LEN1: 10000 LEN2: 100000
6.72276
6.83858
6.78730
6.84350
7.06490
CORES: 4 LEN1: 25000 LEN2: 100000
17.15387
17.40202
17.40983
17.29182
17.16488
CORES: 4 LEN1: 50000 LEN2: 100000
33.62356
33.54145
33.61347
33.42207
33.59046
CORES: 4 LEN1: 100000 LEN2: 100000
70.76892
70.47146
70.36083
70.58477
70.50212
CORES: 8 LEN1: 500 LEN2: 500
0.00082
0.00081
0.00080
0.00082
0.00081
CORES: 8 LEN1: 500 LEN2: 1000
0.00113
0.00111
0.00110
0.00118
0.00113
CORES: 8 LEN1: 1000 LEN2: 1000
0.00192
0.00190
0.00190
0.00193
0.00192
CORES: 8 LEN1: 500 LEN2: 2500
0.00358
0.00334
0.00332
0.00334
0.00345
CORES: 8 LEN1: 1000 LEN2: 2500
0.00492
0.00493
0.00497
0.00499
0.00501
CORES: 8 LEN1: 2500 LEN2: 2500
0.01211
0.01227
0.01205
0.01206
0.01209
CORES: 8 LEN1: 500 LEN2: 5000
0.00753
0.00739
0.00759
0.00787
0.00750
CORES: 8 LEN1: 1000 LEN2: 5000
0.01088
0.01097
0.01074
0.01120
0.01122
CORES: 8 LEN1: 2500 LEN2: 5000
0.01933
0.02017
0.01980
0.02051
0.02032
CORES: 8 LEN1: 5000 LEN2: 5000
0.04310
0.04318
0.04187
0.04304
0.04260
CORES: 8 LEN1: 500 LEN2: 10000
0.01540
0.01598
0.01605
0.01593
0.01600
CORES: 8 LEN1: 1000 LEN2: 10000
0.02512
0.02576
0.02555
0.02569
0.02555
CORES: 8 LEN1: 2500 LEN2: 10000
0.03870
0.03827
0.03862
0.03859
0.03889
CORES: 8 LEN1: 5000 LEN2: 10000
0.09267
0.09244
0.09224
0.09266
0.09139
CORES: 8 LEN1: 10000 LEN2: 10000
0.21297
0.21211
0.21235
0.21266
0.20964
CORES: 8 LEN1: 500 LEN2: 25000
0.03860
0.03983
0.03942
0.04029
0.03920
CORES: 8 LEN1: 1000 LEN2: 25000
0.06450
0.06553
0.06292
0.06517
0.06494
CORES: 8 LEN1: 2500 LEN2: 25000
0.09280
0.09319
0.09058
0.09344
0.09249
CORES: 8 LEN1: 5000 LEN2: 25000
0.22621
0.22948
0.22817
0.23060
0.22867
CORES: 8 LEN1: 10000 LEN2: 25000
0.58790
0.59880
0.61106
0.59998
0.58405
CORES: 8 LEN1: 25000 LEN2: 25000
1.81798
1.81320
1.81525
1.81510
1.82169
CORES: 8 LEN1: 500 LEN2: 50000
0.08186
0.08086
0.07857
0.08256
0.08278
CORES: 8 LEN1: 1000 LEN2: 50000
0.14396
0.14433
0.13877
0.14376
0.14154
CORES: 8 LEN1: 2500 LEN2: 50000
0.27788
0.29440
0.27547
0.29009
0.23774
CORES: 8 LEN1: 5000 LEN2: 50000
0.57644
0.58196
0.57420
0.58770
0.55789
CORES: 8 LEN1: 10000 LEN2: 50000
1.28694
1.29410
1.29365
1.30489
1.29197
CORES: 8 LEN1: 25000 LEN2: 50000
4.11259
4.10402
4.10215
4.09857
4.11115
CORES: 8 LEN1: 50000 LEN2: 50000
8.46246
8.65556
8.50449
8.46903
8.47188
CORES: 8 LEN1: 500 LEN2: 100000
0.18519
0.18900
0.18669
0.18534
0.17445
CORES: 8 LEN1: 1000 LEN2: 100000
0.30649
0.31651
0.32268
0.29556
0.30493
CORES: 8 LEN1: 2500 LEN2: 100000
0.62134
0.64602
0.67108
0.63670
0.62789
CORES: 8 LEN1: 5000 LEN2: 100000
1.24720
1.19463
1.21799
1.23789
1.26753
CORES: 8 LEN1: 10000 LEN2: 100000
2.79423
2.89362
2.83960
2.88463
2.79871
CORES: 8 LEN1: 25000 LEN2: 100000
8.83148
8.83634
8.99090
8.84149
8.82429
CORES: 8 LEN1: 50000 LEN2: 100000
17.95377
18.05857
17.93921
17.92132
17.94046
CORES: 8 LEN1: 100000 LEN2: 100000
37.25477
37.15452
37.09049
37.27549
37.25413
CORES: 16 LEN1: 500 LEN2: 500
0.01026
0.00522
0.00645
0.00343
0.00559
CORES: 16 LEN1: 500 LEN2: 1000
0.00514
0.00303
0.00467
0.00307
0.02156
CORES: 16 LEN1: 1000 LEN2: 1000
0.00573
0.00622
0.00632
0.00948
0.00625
CORES: 16 LEN1: 500 LEN2: 2500
0.00713
0.00635
0.00854
0.00975
0.00591
CORES: 16 LEN1: 1000 LEN2: 2500
0.01164
0.00919
0.01219
0.01177
0.01018
CORES: 16 LEN1: 2500 LEN2: 2500
0.01680
0.01701
0.01728
0.01814
0.01834
CORES: 16 LEN1: 500 LEN2: 5000
0.01182
0.01406
0.01371
0.01163
0.01730
CORES: 16 LEN1: 1000 LEN2: 5000
0.02476
0.01468
0.02035
0.01748
0.01784
CORES: 16 LEN1: 2500 LEN2: 5000
0.02766
0.04520
0.02570
0.02505
0.03475
CORES: 16 LEN1: 5000 LEN2: 5000
0.04097
0.04232
0.04351
0.04226
0.04231
CORES: 16 LEN1: 500 LEN2: 10000
0.02510
0.03357
0.02516
0.02710
0.02439
CORES: 16 LEN1: 1000 LEN2: 10000
0.03439
0.03429
0.03347
0.03330
0.03683
CORES: 16 LEN1: 2500 LEN2: 10000
0.04752
0.04926
0.05013
0.05099
0.04746
CORES: 16 LEN1: 5000 LEN2: 10000
0.06594
0.06798
0.06930
0.06832
0.06780
CORES: 16 LEN1: 10000 LEN2: 10000
0.12445
0.12482
0.12324
0.12502
0.12509
CORES: 16 LEN1: 500 LEN2: 25000
0.05875
0.06123
0.06754
0.06080
0.06204
CORES: 16 LEN1: 1000 LEN2: 25000
0.08446
0.08623
0.09829
0.08380
0.08083
CORES: 16 LEN1: 2500 LEN2: 25000
0.10663
0.12145
0.10680
0.10500
0.10588
CORES: 16 LEN1: 5000 LEN2: 25000
0.14682
0.14603
0.15379
0.15265
0.14712
CORES: 16 LEN1: 10000 LEN2: 25000
0.29029
0.29114
0.29620
0.35200
0.29548
CORES: 16 LEN1: 25000 LEN2: 25000
0.86065
0.85820
0.86934
0.86822
0.86598
CORES: 16 LEN1: 500 LEN2: 50000
0.11652
0.12088
0.11572
0.11334
0.11968
CORES: 16 LEN1: 1000 LEN2: 50000
0.15808
0.15139
0.15358
0.15252
0.15649
CORES: 16 LEN1: 2500 LEN2: 50000
0.23782
0.23394
0.24315
0.23656
0.23759
CORES: 16 LEN1: 5000 LEN2: 50000
0.38017
0.37528
0.36812
0.35031
0.36592
CORES: 16 LEN1: 10000 LEN2: 50000
0.65101
0.66214
0.65818
0.66725
0.67866
CORES: 16 LEN1: 25000 LEN2: 50000
1.82725
1.83256
1.83165
1.84604
1.84606
CORES: 16 LEN1: 50000 LEN2: 50000
4.15257
4.15121
4.25910
4.21573
4.16232
CORES: 16 LEN1: 500 LEN2: 100000
0.22104
0.22586
0.22681
0.22695
0.23153
CORES: 16 LEN1: 1000 LEN2: 100000
0.32882
0.31147
0.32970
0.31823
0.31952
CORES: 16 LEN1: 2500 LEN2: 100000
0.50202
0.49880
0.49734
0.51093
0.49529
CORES: 16 LEN1: 5000 LEN2: 100000
0.79700
0.79770
0.79469
0.77047
0.81175
CORES: 16 LEN1: 10000 LEN2: 100000
1.36836
1.38967
1.40595
1.38116
1.51073
CORES: 16 LEN1: 25000 LEN2: 100000
3.98888
4.02690
4.03632
4.16117
4.03324
CORES: 16 LEN1: 50000 LEN2: 100000
8.95102
9.00382
9.03184
8.92444
9.10934
CORES: 16 LEN1: 100000 LEN2: 100000
18.39588
18.52053
18.36608
18.51422
18.58674
