1000 0000000000000001
3000 0000000000000011
5000 0000000000000111
7000 0000000000001111
9000 0000000000011110
11000 0000000000111100
13000 0000000001111000
15000 0000000011110000
17000 0000000111100001
19000 0000001111000011
21000 0000011110000111
23000 0000111100001111
25000 0001111000011110
27000 0011110000111101
29000 0111100001111011
31000 1111000011110110
33000 1110000111101100
35000 1100001111011000
37000 1000011110110000
39000 0000111101100000
41000 0001111011000001
43000 0011110110000010
45000 0111101100000100
47000 1111011000001001
49000 1110110000010011
51000 1101100000100111
53000 1011000001001110
55000 0110000010011100
57000 1100000100111001
59000 1000001001110010
61000 0000010011100100
63000 0000100111001001
65000 0001001110010010
67000 0010011100100100
69000 0100111001001001
71000 1001110010010011
73000 0011100100100111
75000 0111001001001110
77000 1110010010011100
79000 1100100100111000
81000 1001001001110000
83000 0010010011100001
85000 0100100111000011
87000 1001001110000110
89000 0010011100001101
91000 0100111000011010
93000 1001110000110101
95000 0011100001101011
97000 0111000011010111
99000 1110000110101111
101000 1100001101011110
103000 1000011010111100
105000 0000110101111001
107000 0001101011110010
109000 0011010111100100
111000 0110101111001000
113000 1101011110010001
115000 1010111100100010
117000 0101111001000100
119000 1011110010001001
121000 0111100100010010
123000 1111001000100101
125000 1110010001001010
127000 1100100010010100
129000 1001000100101001
131000 0010001001010010
133000 0100010010100101
135000 1000100101001010
137000 0001001010010101
139000 0010010100101010
141000 0100101001010100
143000 1001010010101000
145000 0010100101010000
147000 0101001010100001
149000 1010010101000011
151000 0100101010000110
153000 1001010100001100
155000 0010101000011000
157000 0101010000110000
159000 1010100001100001
161000 0101000011000010
163000 1010000110000101
165000 0100001100001010
167000 1000011000010101
169000 0000110000101010
171000 0001100001010100
173000 0011000010101000
175000 0110000101010001
177000 1100001010100010
179000 1000010101000101
181000 0000101010001010
183000 0001010100010100
185000 0010101000101000
187000 0101010001010000
189000 1010100010100001
191000 0101000101000010
193000 1010001010000101
195000 0100010100001010
197000 1000101000010101
199000 0001010000101010
201000 0010100001010101
203000 0101000010101011
205000 1010000101010110
207000 0100001010101100
209000 1000010101011001
211000 0000101010110011
213000 0001010101100111
215000 0010101011001110
217000 0101010110011100
219000 1010101100111000
221000 0101011001110001
223000 1010110011100011
225000 0101100111000110
227000 1011001110001101
229000 0110011100011010
231000 1100111000110101
233000 1001110001101011
235000 0011100011010110
237000 0111000110101100
239000 1110001101011000
241000 1100011010110000
243000 1000110101100001
245000 0001101011000010
247000 0011010110000100
249000 0110101100001000
251000 1101011000010001
253000 1010110000100010
255000 0101100001000100
257000 1011000010001001
259000 0110000100010010
261000 1100001000100100
263000 1000010001001001
265000 0000100010010011
267000 0001000100100111
269000 0010001001001110
271000 0100010010011100
273000 1000100100111001
275000 0001001001110011
277000 0010010011100110
279000 0100100111001101
281000 1001001110011011
283000 0010011100110110
285000 0100111001101101
287000 1001110011011011
289000 0011100110110110
291000 0111001101101100
293000 1110011011011000
295000 1100110110110000
297000 1001101101100001
299000 0011011011000011
301000 0110110110000110
303000 1101101100001100
305000 1011011000011001
307000 0110110000110010
309000 1101100001100100
311000 1011000011001000
313000 0110000110010000
315000 1100001100100000
317000 1000011001000001
319000 0000110010000010
321000 0001100100000101
323000 0011001000001010
325000 0110010000010101
327000 1100100000101010
329000 1001000001010100
331000 0010000010101001
333000 0100000101010010
335000 1000001010100100
337000 0000010101001000
339000 0000101010010000
341000 0001010100100001
343000 0010101001000010
345000 0101010010000101
347000 1010100100001011
349000 0101001000010111
351000 1010010000101111
353000 0100100001011111
355000 1001000010111111
357000 0010000101111110
359000 0100001011111100
361000 1000010111111001
363000 0000101111110011
365000 0001011111100111
367000 0010111111001110
369000 0101111110011100
371000 1011111100111000
373000 0111111001110000
375000 1111110011100001
377000 1111100111000010
379000 1111001110000100
381000 1110011100001000
383000 1100111000010000
385000 1001110000100001
387000 0011100001000011
389000 0111000010000110
391000 1110000100001101
393000 1100001000011010
395000 1000010000110100
397000 0000100001101000
399000 0001000011010000
401000 0010000110100000
403000 0100001101000001
405000 1000011010000010
407000 0000110100000100
409000 0001101000001001
411000 0011010000010011
413000 0110100000100110
415000 1101000001001100
417000 1010000010011001
419000 0100000100110011
421000 1000001001100110
423000 0000010011001100
425000 0000100110011000
427000 0001001100110000
429000 0010011001100000
431000 0100110011000001
433000 1001100110000010
435000 0011001100000101
437000 0110011000001010
439000 1100110000010101
441000 1001100000101011
443000 0011000001010110
445000 0110000010101100
447000 1100000101011001
449000 1000001010110010
451000 0000010101100100
453000 0000101011001001
455000 0001010110010010
457000 0010101100100100
459000 0101011001001001
461000 1010110010010010
463000 0101100100100100
465000 1011001001001001
467000 0110010010010010
469000 1100100100100100
471000 1001001001001001
473000 0010010010010010
475000 0100100100100101
477000 1001001001001010
479000 0010010010010100
481000 0100100100101001
483000 1001001001010011
485000 0010010010100111
487000 0100100101001111
489000 1001001010011111
491000 0010010100111110
493000 0100101001111100
495000 1001010011111001
497000 0010100111110010
499000 0101001111100101
501000 1010011111001011
503000 0100111110010111
505000 1001111100101110
507000 0011111001011100
509000 0111110010111001
511000 1111100101110010
513000 1111001011100100
515000 1110010111001000
517000 1100101110010000
519000 1001011100100001
521000 0010111001000011
523000 0101110010000111
525000 1011100100001111
527000 0111001000011110
529000 1110010000111100
531000 1100100001111000
533000 1001000011110000
535000 0010000111100001
537000 0100001111000011
539000 1000011110000110
541000 0000111100001100
543000 0001111000011000
545000 0011110000110001
547000 0111100001100010
549000 1111000011000101
551000 1110000110001010
553000 1100001100010100
555000 1000011000101001
557000 0000110001010011
559000 0001100010100111
561000 0011000101001110
563000 0110001010011101
565000 1100010100111011
567000 1000101001110110
569000 0001010011101100
571000 0010100111011001
573000 0101001110110010
575000 1010011101100101
577000 0100111011001010
579000 1001110110010101
581000 0011101100101011
583000 0111011001010111
585000 1110110010101111
587000 1101100101011110
589000 1011001010111101
591000 0110010101111010
593000 1100101011110101
595000 1001010111101011
597000 0010101111010110
599000 0101011110101101
601000 1010111101011010
603000 0101111010110101
605000 1011110101101011
607000 0111101011010110
609000 1111010110101101
611000 1110101101011011
613000 1101011010110110
615000 1010110101101100
617000 0101101011011001
619000 1011010110110010
621000 0110101101100101
623000 1101011011001010
625000 1010110110010101
627000 0101101100101010
629000 1011011001010100
631000 0110110010101001
633000 1101100101010011
635000 1011001010100110
637000 0110010101001101
639000 1100101010011011
641000 1001010100110110
643000 0010101001101101
645000 0101010011011010
647000 1010100110110100
649000 0101001101101000
651000 1010011011010000
653000 0100110110100000
655000 1001101101000000
657000 0011011010000001
659000 0110110100000010
661000 1101101000000100
663000 1011010000001000
665000 0110100000010000
667000 1101000000100000
669000 1010000001000000
671000 0100000010000000
673000 1000000100000000
675000 0000001000000000
677000 0000010000000001
679000 0000100000000011
681000 0001000000000111
683000 0010000000001110
685000 0100000000011100
687000 1000000000111001
689000 0000000001110011
691000 0000000011100111
693000 0000000111001111
695000 0000001110011110
697000 0000011100111100
699000 0000111001111000
701000 0001110011110000
703000 0011100111100000
705000 0111001111000000
707000 1110011110000001
709000 1100111100000011
711000 1001111000000111
713000 0011110000001111
715000 0111100000011111
717000 1111000000111110
719000 1110000001111101
721000 1100000011111010
723000 1000000111110100
725000 0000001111101000
727000 0000011111010000
729000 0000111110100001
731000 0001111101000011
733000 0011111010000110
735000 0111110100001100
737000 1111101000011000
739000 1111010000110001
741000 1110100001100010
743000 1101000011000101
745000 1010000110001010
747000 0100001100010101
749000 1000011000101010
751000 0000110001010101
753000 0001100010101011
755000 0011000101010111
757000 0110001010101110
759000 1100010101011101
761000 1000101010111010
763000 0001010101110101
765000 0010101011101010
767000 0101010111010100
769000 1010101110101001
771000 0101011101010011
773000 1010111010100111
775000 0101110101001110
777000 1011101010011100
779000 0111010100111000
781000 1110101001110000
783000 1101010011100001
785000 1010100111000010
787000 0101001110000100
789000 1010011100001001
791000 0100111000010011
793000 1001110000100110
795000 0011100001001101
797000 0111000010011011
799000 1110000100110110
801000 1100001001101101
803000 1000010011011010
805000 0000100110110101
807000 0001001101101011
809000 0010011011010111
811000 0100110110101111
813000 1001101101011111
815000 0011011010111110
817000 0110110101111101
819000 1101101011111011
821000 1011010111110111
823000 0110101111101111
825000 1101011111011111
827000 1010111110111111
829000 0101111101111111
831000 1011111011111110
833000 0111110111111100
835000 1111101111111000
837000 1111011111110001
839000 1110111111100010
841000 1101111111000101
843000 1011111110001010
845000 0111111100010100
847000 1111111000101001
849000 1111110001010011
851000 1111100010100110
853000 1111000101001100
855000 1110001010011001
857000 1100010100110010
859000 1000101001100101
861000 0001010011001010
863000 0010100110010101
865000 0101001100101011
867000 1010011001010110
869000 0100110010101100
871000 1001100101011001
873000 0011001010110010
875000 0110010101100100
877000 1100101011001000
879000 1001010110010000
881000 0010101100100001
883000 0101011001000011
885000 1010110010000111
887000 0101100100001110
889000 1011001000011100
891000 0110010000111000
893000 1100100001110001
895000 1001000011100011
897000 0010000111000111
899000 0100001110001111
901000 1000011100011111
903000 0000111000111111
905000 0001110001111110
907000 0011100011111101
909000 0111000111111011
911000 1110001111110110
913000 1100011111101101
915000 1000111111011010
917000 0001111110110101
919000 0011111101101010
921000 0111111011010101
923000 1111110110101011
925000 1111101101010111
927000 1111011010101110
929000 1110110101011101
931000 1101101010111010
933000 1011010101110101
935000 0110101011101011
937000 1101010111010111
939000 1010101110101110
941000 0101011101011101
943000 1010111010111010
945000 0101110101110101
947000 1011101011101011
949000 0111010111010110
951000 1110101110101101
953000 1101011101011010
955000 1010111010110101
957000 0101110101101010
959000 1011101011010100
961000 0111010110101001
963000 1110101101010010
965000 1101011010100101
967000 1010110101001010
969000 0101101010010101
971000 1011010100101011
973000 0110101001010110
975000 1101010010101100
977000 1010100101011001
979000 0101001010110011
981000 1010010101100111
983000 0100101011001110
985000 1001010110011101
987000 0010101100111010
989000 0101011001110100
991000 1010110011101001
993000 0101100111010011
995000 1011001110100111
997000 0110011101001111
999000 1100111010011111
